matrixresults2310336

Matrix[0] X Matrix[1]
----------------------

55.00   49.00   94.00
97.00   73.00   141.00
67.00   62.00   108.00

Matrix[1] X Matrix[2]
----------------------

45.83   70.44   105.25   58.27   77.72
68.12   54.78   108.46   75.76   115.85
44.73   28.37   65.84   47.13   75.70
97.21   99.97   180.52   110.45   164.13
57.94   90.47   136.65   72.86   97.76

Matrix[2] X Matrix[3]
----------------------

2195666.00   2562035.00   2594474.00   1952389.00
3011805.00   2383271.00   2498284.00   2427174.00
2071012.00   2292011.00   2468005.00   1916835.00
2140852.00   1532312.00   1737356.00   1766113.00

Matrix[3] X Matrix[4]
----------------------

14751.00   21588.00   23940.00   26703.00   23859.00   19350.00   25780.00
19639.00   27982.00   28971.00   23443.00   23158.00   19562.00   24249.00
23074.00   31181.00   33607.00   33831.00   29447.00   28142.00   36061.00
17143.00   22337.00   24626.00   24158.00   22123.00   17895.00   23559.00
14797.00   25455.00   23699.00   27174.00   20756.00   20166.00   25699.00
13907.00   20197.00   24238.00   23268.00   21557.00   16124.00   26834.00
18993.00   29628.00   29104.00   23373.00   26227.00   21110.00   24770.00

