3,4
3,1,5,6
9,5,3,1
4,8,3,2

4,3
2,5,7
8,1,5
1,3,4
6,3,8

5,3
5.1,1.1,6.7
3.1,4.8,7.4
2.5,6.4,2.1
5.8,1.3,9.6
6.5,8.2,8.8

3,5
4.1,6.7,8.2,6.1,7.3
5.6,1.3,6.5,5.2,9.4
2.8,5.2,8.4,3.2,4.5

4,7
232,231,741,901,941,743,529,159
443,588,753,829,580,239,282,410
197,478,632,519,751,571,185,581
342,598,546,986,478,694,438,972

7,4
742,314,349,862
762,436,745,289
313,498,431,869
241,748,959,327
532,747,992,382
527,684,221,343
957,254,114,251

7,10
43,72,14,89,82,31,43,25,36,28
25,57,73,82,64,91,73,86,31,81
36,32,42,18,53,75,38,61,23,62
13,52,19,82,17,64,72,31,56,22
54,36,74,53,59,80,21,94,73,47
74,59,81,34,27,75,41,12,41,23
45,32,14,88,54,75,23,95,82,33

10,7
32,44,75,32,78,61,31
17,26,31,93,68,39,86
34,99,43,23,42,47,78
23,48,72,94,52,47,89
40,46,24,44,38,49,20
21,47,35,48,14,47,75
22,13,98,38,74,18,74
87,10,74,33,13,37,23
63,94,39,15,74,28,29
11,98,34,66,24,32,17

